130 1305 4377 4008 677 7499 519 9799 4742 6916 4618 7475 3817 2576 2424 8484 3239 1372 3196 1984 5860 5818 9207 9320 6296 5205 5996 4109 8521 8338 4050 697 2635 9769 3270 109 956 6338 8236 671 3459 419 6425 6893 8324 930 7567 8530 396 7805 485 8560 9195 5642 3862 5566 4806 1692 6987 2841 6757 2927 5569 8261 7594 3316 4044 1896 8109 8621 6366 8136 2563 2719 2874 3912 2817 6030 3446 6556 4440 3894 3244 5966 3401 7738 9204 8649 3517 4837 2065 7839 2699 7855 8005 6395 4916 3336 8499 8985 4596 1507 848 8012 8834 868 2391 4408 7845 7509 6992 3931 9371 9646 7818 4393 2554 9589 4783 8925 757 8690 3415 1207 1972 4348 5449 1288 5399 2090 9334
109 4601 8310 2920 769 8518 6115 541 5769 4855 7463 9888 554 5335 6329 8425 6457 842 1630 1489 5948 4833 5112 4665 9974 739 245 3795 9944 3842 8766 2600 6742 169 6196 9628 2245 5422 665 4064 292 3622 7301 8984 6579 2884 4699 6705 646 1810 4634 6909 1631 7221 2804 3573 2281 5259 3053 8524 6552 7865 1834 5027 1850 7063 678 4259 7447 5128 6704 135 1136 9655 9982 2396 3115 9222 7723 6723 8577 9086 8479 9931 5585 2189 1158 5195 6328 4519 9427 9343 1903 6496 2210 480 8168 1312 8802 2821 4841 6317 2252 9937 1019 8036 1425 2824 2521 391
91 6689 1066 4094 8175 6783 2020 4346 9305 8698 9698 3564 4546 6493 1353 2784 4882 2681 9401 5535 2603 6307 5089 7323 3786 8637 7572 8112 2482 5620 7232 2434 1527 2108 6842 4031 5076 9720 3646 5212 9328 5323 2626 5473 9075 1767 1532 1402 357 6629 806 9950 1275 3391 6488 4684 4740 4619 4518 8531 3070 1196 5999 4893 5277 8362 2363 4670 6797 4313 8684 7473 2746 2046 632 7981 9217 1497 6546 1662 6828 8674 4813 4277 1653 3724 9786 4795 8710 4803 60 2318
81 6263 672 88 5497 6002 1528 2432 2313 5727 9020 6123 6780 4143 4959 9602 4867 7117 4703 9947 5881 119 7236 6026 1491 3565 3105 1557 4327 6956 1355 1994 2395 4866 9226 4062 514 2829 7750 9881 5256 527 9884 9951 3299 6163 4890 3568 9510 1012 8833 6996 521 7178 7238 2909 8169 7925 2980 2674 3761 2452 2043 9905 6440 4316 3878 9414 3369 8392 9936 2185 4271 7776 6390 4296 759 5720 6458 3857 2658 1254
75 1097 2571 273 7861 222 4307 8559 6952 372 7287 8213 2559 5716 658 8979 7975 9626 5757 4794 8346 9429 7256 4958 403 5713 6029 7715 2044 463 993 3851 4787 8644 8597 1840 9783 1886 1345 2846 7949 7755 4452 4535 6469 9327 7541 7689 3382 5947 4023 4881 7910 6166 9857 9261 38 8569 9005 743 1971 8196 2425 1952 8648 927 6592 9014 6878 6789 4729 5592 3110 7481 9759 4474
71 9003 4059 9707 6695 157 7965 5086 3103 6361 7116 9733 2963 7792 4414 2904 5060 166 8146 7883 6764 2900 4021 1441 3124 2235 4376 523 1647 6930 6345 7602 3295 8428 7339 3561 4248 6861 6179 3799 5249 5309 7327 4870 5389 1370 3201 5353 9408 4978 9551 9009 53 9096 3658 366 8145 8166 9115 7681 1822 3854 7281 6934 4484 9953 2853 1293 623 3097 5798 8850
67 423 6815 606 4894 5424 585 7293 1784 6485 5213 7188 1593 9805 3866 3875 2856 9045 8219 3585 1902 8804 9696 7216 6446 4195 7422 4101 4986 8981 5040 9882 3421 6806 4323 1125 4512 9604 6590 1072 8439 520 4155 7598 8013 4382 4917 1063 5013 2067 8046 5490 3287 3626 6394 1278 7412 5942 4522 3950 3093 4676 8980 7824 1958 1210 2770 325
63 5192 9514 4525 961 5304 2429 19 9166 2641 6924 2738 3148 5554 4225 4223 8462 3602 660 896 3958 617 4585 9133 560 3770 9972 9496 6905 7305 2513 2938 4264 9388 2325 4617 8228 433 9074 7604 4543 4039 3916 1632 9248 9522 771 1152 8267 3716 2369 4399 2833 44 2170 5874 4185 6533 3871 4129 2224 479 840 2862
62 700 9679 3444 7040 5406 4056 8630 55 583 7471 6706 9768 2791 975 6316 7442 4920 1386 4558 5766 9475 9035 8273 9419 4564 4318 7045 7389 6779 9983 5061 8725 3212 7549 3963 1391 9730 7893 2267 7313 3933 9149 3707 8639 404 5822 3348 1798 8461 3275 6998 1950 5735 5407 9196 3713 3378 9517 6271 8301 20 8163
62 2720 3156 5440 741 6277 9393 9405 9473 3951 5510 8262 1605 3462 6749 4170 6159 2352 9144 9889 2930 2386 2799 8062 4130 8603 9265 9208 7900 7384 2390 3141 8591 4789 1179 8544 841 7935 7616 3908 793 701 5183 7868 7076 7128 2137 6754 1483 6050 1133 3460 5806 3956 2307 9432 5814 6007 1403 8372 3458 8942 8594
57 8731 8708 7429 5235 394 7140 3410 4260 1530 4910 8629 6836 8574 8419 5351 3370 8575 9871 64 2924 5187 2041 5009 3997 177 118 2035 7620 2272 8511 3241 370 997 3873 1567 591 2688 8871 1270 7105 9032 1197 2400 2588 8920 3002 5927 3683 7083 953 9332 5923 8712 8138 1120 4203 2659
58 713 3307 3869 4090 5299 3197 9685 8713 3329 3067 7406 1030 128 6703 615 5069 8118 6739 3047 1222 3203 751 8533 9611 2906 552 6437 7564 6833 9774 4067 5565 6829 7820 7819 851 6001 6712 7326 72 3479 121 5266 7022 2149 4180 5209 8442 3670 8707 3652 9717 4922 4160 1157 144 2130 6690
52 5445 1315 8406 9523 3667 6767 5113 6747 7704 3160 9012 802 6392 1465 4246 7312 8093 5951 9132 2095 4300 4293 9300 5702 1348 2268 663 7907 5050 154 1145 7418 740 7505 5526 8076 4849 4552 4444 7976 3153 4075 3734 781 6273 6693 3035 124 2625 3286 2408 452
53 2883 84 2949 6807 219 1438 4706 1635 4233 4873 41 7580 3885 9164 832 6818 9981 1101 459 4247 2304 3623 8079 1123 9150 3077 1592 2314 3155 2892 9902 4343 2988 3195 9344 6497 5180 6347 5974 2775 9715 2704 8002 4896 4434 7955 729 4305 3984 662 5253 8171 5456
50 7070 2356 4637 2912 6139 3697 7104 5189 6192 7465 1200 3420 1684 2250 2077 8378 2661 6871 8101 8928 7573 3127 3772 6939 2607 7237 4457 3182 7474 7018 7698 6400 6436 6486 4253 5165 5468 597 6236 491 3886 6334 8232 1419 1043 980 86 4350 4531 3346
50 6901 8477 7141 24 6843 7435 5227 3575 5006 6068 2520 5511 7034 3058 3026 1509 5695 1458 7873 4014 1048 4515 2766 3509 9224 9213 7217 2341 8688 8250 5568 7566 8474 6926 9825 7199 228 6508 7480 9203 3040 955 9746 7138 4018 5438 6492 8582 3576 8178
45 5324 7928 9409 9411 2531 7640 7849 5746 5990 8157 5808 8823 3938 4297 9450 2076 2505 6374 7822 4266 3474 3673 6290 5519 7538 7886 5302 508 9269 8415 451 9618 5191 3814 5328 7144 2193 619 5037 2671 5726 3781 9776 8185 3087
47 1138 7399 7877 5902 3546 8783 2106 2143 2357 2711 1637 892 7208 6182 9842 3732 4227 3133 1220 244 9141 8916 4566 9955 6505 1450 2996 3628 5271 1974 7177 6671 2028 7 9016 8060 3834 8589 6651 5413 4216 56 3520 8897 8941 797 3569
48 6466 3549 9325 8675 920 1170 3596 8209 9087 7637 9274 6199 6718 7554 9710 2570 5853 821 5160 4211 2810 3340 618 4805 545 2205 5548 2662 1188 7966 5594 5488 5119 2789 9036 4681 8738 9212 3357 5972 6448 4451 5368 6358 2113 2158 1038 4908
44 3090 6831 9976 3457 7612 9406 8736 3461 3541 6450 206 1201 6305 381 8742 4969 4555 8285 7542 7407 9114 6375 4878 2179 5552 6609 4478 5956 4847 4026 917 3823 63 5421 1577 68 8781 642 9215 8455 913 8308 8087 9069
46 2519 6663 8703 3025 6900 6656 9820 2838 530 3208 4428 7172 8434 4007 2399 3418 7548 4643 2640 4714 3843 8796 6743 3139 4776 3841 7169 7939 3331 8961 7531 7107 5938 3037 4179 4462 4598 3995 9059 5175 7702 9311 9876 3522 6011 2508
44 4839 3607 1543 3743 2278 4098 7156 9137 2536 9813 9254 1276 9511 6652 159 91 2497 6067 3366 779 7967 4682 8164 1598 385 6800 809 3352 5921 3010 5200 6906 6640 5641 4669 9063 8515 4633 7617 6872 5476 8375 6750 7593
45 2735 1335 117 2828 8932 3276 5744 4583 9078 608 1580 9297 4544 7118 1494 9104 7724 1470 9234 3556 5915 8025 8628 2614 2667 3328 5292 621 7890 3806 158 3582 7159 7495 4631 8255 9808 6500 1244 4732 9088 5179 2038 9391 9476
44 2917 8640 2941 5300 610 4885 3024 1121 7574 5477 9562 4410 529 6856 531 9171 9809 3691 5163 8645 6920 7091 2515 1266 7914 1988 9420 6528 7411 9107 6524 3815 9995 429 6598 7545 4860 3080 9309 7405 6289 3664 3069 4501
44 2465 9619 3555 9291 7810 1227 1883 7357 3129 9595 5719 3616 1667 5043 2992 3083 1686 2787 1644 7197 1255 4038 8993 2398 2045 7608 1469 4597 8692 1989 3399 1719 960 5784 5869 858 1336 6675 901 3335 1898 790 5854 5398
43 5018 9752 2135 3692 8149 3579 5358 5369 4437 9926 1503 6438 6216 4749 2160 3373 3314 8746 4642 2 9694 7231 689 2665 6655 2960 7402 2701 4933 4674 7449 6091 4534 4161 7369 8398 3274 5613 9312 7391 231 9766 2208
43 5934 5970 8420 1332 3294 7398 328 8309 3411 7243 8128 1884 853 6971 3663 85 4800 9027 5329 4456 7370 6982 4085 6504 9378 9969 827 1053 496 4037 8084 4466 2621 221 9200 7611 7834 3923 8865 3000 7969 4186 9472
41 1867 7401 5341 1664 4781 6558 8435 9666 1550 3554 8368 172 3190 1910 4045 8617 5289 897 5356 5442 6105 5033 4217 890 2068 8049 4889 7582 6071 5448 8443 5276 7526 1161 9850 1404 2286 9637 7111 758 7349
38 4758 4309 5598 7687 5387 3236 6658 4935 5875 3403 100 1263 9165 7837 6587 4613 6398 924 9292 1796 2190 7508 9073 1711 5614 5528 8604 7571 6310 1851 131 6876 110 2617 2294 6748 8371 9938
38 4071 3855 1888 61 3988 8376 6168 4200 830 7874 9680 1250 1583 9526 4206 8446 3924 586 5301 5958 2479 8491 1828 6299 331 731 407 3876 5940 2030 6837 8634 8744 3698 3897 1091 9635 6439
38 1209 8329 3471 1838 7889 1674 3424 9316 7870 8042 4171 1733 4497 1523 2362 193 5411 151 1870 6816 6707 3152 8627 4526 5149 9727 4487 2317 6194 9942 3977 5607 4215 6844 8091 9168 9243 3032
40 187 837 6961 9187 6189 5885 945 699 1054 4016 2511 92 9116 6584 922 544 281 826 1681 8547 4357 9816 733 2956 2950 1673 5274 8912 359 6341 7074 3383 925 705 937 3126 4951 472 7795 6246
37 6381 2869 5402 3249 6654 6786 6804 2975 1272 611 7683 9678 4587 9033 6103 4282 7920 4930 6733 9492 8695 8567 500 8034 9853 7961 3423 2705 9007 5936 6057 8386 9932 4905 5273 3064 5538
39 9313 8962 29 3149 6404 5487 9128 8198 417 3170 6352 8772 2187 2260 596 8125 6082 3606 692 5523 8656 7552 9348 963 1017 8003 5795 8775 7838 8144 6144 1116 6568 6052 7302 7133 7950 5939 8377
38 6822 2316 9283 9979 8787 7230 9544 7249 4661 8835 6034 3057 4792 9795 1738 8159 5824 4843 8140 1328 8763 6854 1501 1748 2863 9959 968 2403 1678 4081 2816 9994 2188 2138 2073 1547 6507 2322
36 3167 4842 1993 1407 2942 5466 8382 720 5892 9538 1324 8854 2072 8831 6719 3498 2945 8134 862 9571 3511 6915 6079 7254 2328 7124 4545 3706 5131 7752 667 637 8467 5275 4374 9532
36 3629 9847 2986 6418 1724 1609 3317 1223 1792 8989 2919 1601 4400 7745 9837 6519 2228 52 2213 8361 9237 7155 6162 276 3521 478 9201 5026 3260 7995 6827 4541 6364 2238 8123 526
37 1273 1757 6649 7064 1447 2422 7129 7451 5888 782 3636 3112 4372 374 2023 7081 9632 3648 8400 399 3948 6763 9368 2687 7400 8669 5800 7089 562 6209 1740 2878 9811 4861 9781 1247 8131
36 6670 8292 2061 489 6110 9851 4980 3921 4575 9610 5799 655 8243 8075 1643 7361 3436 6730 5308 3078 6777 5675 2590 6483 1069 4106 8899 2446 1881 1202 2321 3604 8269 9993 557 5111
35 5717 8395 4495 8557 2079 2293 2973 6711 7382 6643 5866 7812 649 7493 2771 8691 4055 909 2526 5558 8896 5863 5110 6047 4102 1366 5741 1926 349 2157 587 9560 1892 406 5244
34 7957 3281 5381 9581 9691 1955 8351 5214 7685 8085 6213 7515 2388 516 6713 6888 6857 4903 9247 1911 1714 2367 2646 6691 4999 7348 1279 9971 5673 3884 2606 234 8607 4041
35 303 1515 8728 3253 3918 9306 6455 6360 5240 4536 8955 5803 4888 4798 5567 857 4696 8814 3339 4378 6219 4739 4919 3674 9468 6532 1122 3285 966 4458 8234 983 3780 4338 4319
34 7657 9140 1005 8587 5218 3891 5025 7638 3108 2140 3038 5082 7569 2164 8901 9968 9988 214 6415 8360 4694 6215 5310 7708 8208 3175 4422 971 2604 534 9545 3872 5944 7112
34 3055 4150 9670 3826 8449 3572 248 439 95 5656 1079 3477 2802 1417 1774 6292 2109 149 2394 5534 139 4902 8811 5303 9318 9605 4719 9690 7026 6944 6585 7131 2493 4013
34 1560 1735 1815 817 2714 627 9830 5663 9559 4966 6422 1257 5564 5074 5879 5715 6171 3913 7543 260 4816 253 7030 4187 5337 4391 6490 1291 3033 8488 8939 6890 295 2276
33 4078 7929 7709 1794 7180 3601 4285 9633 4396 4485 3701 4879 9546 1062 7691 9022 6858 7321 4804 8697 8779 2803 1151 449 1099 3306 7269 5515 9956 7964 6084 6623 8210
33 9675 6228 696 2899 5856 7666 483 9190 6771 5627 5783 9370 2958 8225 6138 1429 4970 6443 2274 6253 335 4524 5843 6632 6796 7721 192 9446 3545 9753 2103 5415 2169
33 3442 7956 2008 8179 1414 7082 4194 2934 7737 7211 3666 8869 30 5901 7817 8268 4688 9440 5419 8907 3538 7652 6100 6599 4110 3144 2339 4993 9241 6423 2449 5629 9536
34 6412 6198 7318 6502 9347 5393 3049 5182 1863 9286 2952 4331 8882 4869 4784 2601 9724 5600 232 9704 2085 358 9142 8427 132 6770 6986 540 8216 7204 3224 136 6997 9390
31 1776 4586 3333 2748 6741 6012 2605 8681 2261 546 5777 3946 711 3610 2309 1031 6332 1165 9490 6370 2700 725 8924 3048 9308 1607 6685 7539 6073 5046 9354
30 3580 8342 7028 9052 113 3821 6498 1460 6639 1232 704 280 6638 3065 9980 9643 9111 4521 9416 4118 5081 7336 8223 265 1829 7974 2764 8044 6351 9326
32 2247 622 580 8271 2006 1100 6710 3816 2585 6896 4398 2921 2141 8502 3672 2990 2062 3961 4276 2895 1032 309 7517 3777 3484 2616 9568 4731 4383 2223 1510 7441
31 549 6456 567 7512 2233 4196 9634 3319 4291 9975 934 7984 3450 4002 3416 5073 8638 4801 6862 2459 903 270 7185 5283 4222 4581 5242 1826 7603 274 343
30 8950 268 6044 5034 7372 4502 168 8328 3435 1168 5120 1924 9778 9498 5305 6025 2560 5102 7653 3668 9285 103 5905 3095 3627 4517 7977 263 431 5269
30 375 6160 7993 2512 3991 7085 1873 8555 4607 3879 1589 1117 6036 3251 3893 3495 5042 6167 577 2199 7486 5681 2218 834 522 3128 7002 8321 3994 6494
32 7561 8564 297 1251 277 2305 4137 7092 3073 9832 3499 130 501 8926 6283 8416 22 8470 6083 6841 6781 5319 5177 3744 8457 9383 7424 1841 6045 4553 8957 6919
29 3371 9216 2327 8020 1588 7086 32 5779 2578 9566 3798 7276 4562 9859 1357 801 1856 1373 653 5028 3309 6126 6700 9590 1696 5395 7537 635 3860
30 1992 734 1879 4693 3005 6164 8040 2409 9846 886 2753 7103 8148 1584 3308 3262 4460 171 7852 3217 3353 8709 4923 5251 6195 4509 4864 8305 2786 3107
30 4058 1833 9046 6849 661 2957 9640 7922 9537 7730 716 9106 1612 1980 1008 4190 6308 8317 2974 2183 6667 9279 7084 6295 6702 7151 246 3712 9126 9443
31 5868 2695 4066 7186 7455 9469 1233 8791 6985 102 4764 2776 9101 8826 695 2159 8403 4550 1265 8911 8776 4146 7012 7740 4504 5204 7814 2628 7215 818 2273
30 9563 6724 477 1406 1852 5507 6356 9134 7278 6491 9077 1455 3710 8116 9722 5155 8883 668 8318 7292 8794 9802 4627 2734 5270 7803 7781 749 8327 939
30 5693 7952 6529 9852 3176 3830 1963 572 1729 8151 1716 6838 893 4667 3150 8960 4491 3332 4571 94 7306 3109 145 7596 1103 197 8183 8558 8089 4909
30 474 445 2507 8302 2230 718 3840 2997 8176 9923 2547 1799 8504 8105 112 4663 104 9667 4831 1548 213 3800 123 9887 1234 5388 6943 1823 2010 7783
30 9084 7119 190 3640 9965 4299 7787 6814 3290 6784 3793 1248 1389 4330 1045 8855 7098 7272 1420 3726 1434 9616 236 3581 5162 4927 8797 3514 4103 8022
27 4379 3693 6135 8426 6875 69 3542 4652 8220 2174 6885 3258 319 4809 547 9185 4312 1807 6270 2962 7055 4814 5065 9323 3920 2175 7350
29 4435 8520 3409 3976 8699 1997 2181 9654 1587 715 6454 9928 1330 2438 683 6811 9539 754 2365 4853 9173 7660 8096 9767 3140 6867 3518 2243 5697
30 4494 1978 5971 5743 7846 5636 9282 9018 8795 8367 4250 2622 4105 7712 2898 1761 3130 6975 9870 5722 237 5079 1901 7213 791 6732 8717 1011 1540 4760
29 568 957 6269 7799 1625 4153 1640 1106 6809 2453 6737 2355 1175 6799 6574 2632 6970 5587 3930 5765 2427 6522 8655 9521 4178 5077 6193 1718 4315
28 1040 6662 8840 5425 5957 152 3993 3807 7901 4653 1081 1110 9701 2039 4489 1750 2901 1068 6636 2255 8983 6136 8696 3172 7166 170 4790 5543
29 6541 7911 1384 9246 9412 6000 9382 2696 5263 7829 1943 6839 9023 7894 4459 5911 4237 8067 9122 2733 4946 7257 8683 9 5418 7335 2650 1658 5672
28 4214 2324 2538 9191 7428 9705 5267 6570 8990 4895 9272 8312 4498 3045 1352 2506 9844 1578 62 8066 9417 304 7087 2643 5148 7303 7766 1173
27 5161 2296 3245 1773 9543 8832 1349 5228 1862 8951 8799 2565 728 1516 1395 4912 4334 3355 7491 5832 1938 4660 6489 8364 5029 8350 7223
26 4687 1228 8489 2566 200 5601 9276 1182 5514 7492 7341 4591 1471 682 7137 8872 2860 8997 1184 2005 4707 5068 5591 6853 8100 9430
27 3030 3540 7553 326 2537 9738 3263 3062 9684 8296 3621 8033 9554 3757 2024 1621 1505 2387 8635 650 4943 7639 4425 1084 2253 4883 8654
25 4788 3527 2928 8274 6058 5135 4035 5838 3584 3896 7394 2595 7583 786 5605 4567 2047 7371 6586 681 7024 8647 1691 1575 2117
27 8204 7864 2788 2335 1010 9485 3082 8191 2673 8103 215 8212 2383 6619 5768 9080 6810 9565 3801 3198 2080 49 8174 7946 3589 5606 626
27 6424 8458 4455 5710 2118 9874 1968 7746 8686 1109 6642 9612 279 8539 4874 1463 7060 4036 5989 1445 7765 8677 4702 8613 5575 9577 3218
26 1866 3168 8158 2455 98 3414 2442 8542 9992 2972 7592 8074 8963 2231 8562 3895 703 6383 6095 3192 7283 3983 2114 5848 58 7568
26 9901 9935 4537 7677 1843 2639 2745 2780 6156 7414 6140 6407 5216 4096 3967 6776 162 4514 3131 7832 2013 6635 9719 4445 8211 4197
26 8102 7229 8715 3989 6186 2967 5453 2741 2732 8401 3247 9240 2644 6863 9028 7578 8347 4765 4960 1401 3882 9438 4723 5588 8098 3819
25 6633 1492 315 2657 8915 2180 9557 7576 9482 46 4270 3874 6923 8068 6187 3639 373 1928 4229 9922 3727 1581 8222 7161 4778
26 768 7114 1734 4630 3605 7648 2033 4139 9948 709 4594 9706 6205 256 7099 7921 5315 7067 8381 7780 7559 5924 4897 1261 12 4955
26 2774 7020 6304 5771 8059 9743 6280 7777 8956 8494 8800 2040 8545 3483 3577 9188 4827 7385 7396 5246 4721 4257 7831 8519 1418 900
25 8509 4877 8548 8021 3191 8642 7636 4871 4046 7120 2375 386 3747 9136 2420 4360 8289 765 4650 2965 2458 8352 7123 1951 1574
25 6965 4984 1090 8573 4782 241 422 4677 2468 5452 7006 512 4188 5522 6033 676 9415 6017 958 1517 4287 6968 59 4865 9794
25 6694 3651 513 2539 7631 992 9242 2105 2875 5372 6772 8764 5728 5278 2871 8977 9310 9008 746 7300 1953 2638 316 1680 5434
25 5222 2589 8203 8816 780 2831 7245 4880 2910 2086 7726 4711 186 250 1876 9110 8769 1916 4780 1848 7035 8043 4446 3858 1006
24 8758 9627 7876 266 9118 7171 8030 9623 5451 7222 5041 7860 1164 1331 4304 1675 1070 5075 6401 9250 1454 8612 2227 3386
24 9449 5890 6255 4421 989 9202 462 1104 1638 5464 3009 9584 6444 2336 9725 9331 7774 4303 2259 5524 7696 7772 7039 2813
25 3008 7320 5698 1655 9806 9209 2385 1511 3326 4278 3443 1387 83 9866 5039 3769 8117 1608 8818 7869 5311 296 7008 2914 9796
24 8878 3865 1218 950 225 4034 7043 3859 9574 7148 8383 8593 9917 2414 3725 954 5397 6097 5555 1728 9797 7888 6210 2623
23 7862 2401 6206 3906 7692 7856 8737 1292 7532 7205 7562 1029 9506 6785 6774 9352 8092 3003 1172 7073 8572 390 3880
24 8086 8459 1013 4164 6413 9345 9177 9262 5219 536 639 4578 2837 4513 1885 7308 3162 2490 1437 3987 2280 5666 3402 1134
23 9913 9255 6069 8856 9375 3746 4347 1271 9001 7145 6061 490 1743 5778 7299 3695 5774 1698 4418 4218 1107 4987 5841
24 5343 5615 6752 4208 5539 9617 7785 1912 178 2613 1337 6542 8252 6628 941 6660 460 3151 8423 5791 2631 1082 1731 616
24 6607 4387 271 3068 3966 5584 4593 9963 3085 9424 7220 6240 3242 7982 3437 2150 9181 9597 810 3254 8735 9875 6981 906
24 1269 8055 5237 502 846 4115 3784 5770 275 9361 7007 7761 6778 6385 5196 551 9426 3456 4265 1552 1242 3302 182 6288
24 5245 8586 3092 57 6538 3789 761 387 3765 6223 7857 8974 5007 8280 1596 8733 7827 1801 6950 5817 8592 5408 638 5647
23 4948 9452 6851 730 9631 9575 9564 2360 9219 4290 122 6008 6734 5122 2834 735 4097 299 4859 7395 573 8480 302
24 7088 1651 5572 3200 9477 1294 6237 1725 4638 3574 8450 6234 7353 824 6027 4342 2146 7354 891 6373 7748 2361 8898 5547
23 8189 2436 5049 3490 3544 1215 6589 3775 1521 3267 1314 2153 1999 27 4590 7439 5085 2807 7821 8676 3094 6339 9918
23 4475 6877 3947 2036 1500 8187 3165 6969 9228 6593 1236 453 1965 838 3089 4574 6092 7423 5685 6933 4918 5512 4662
23 6913 5359 3354 290 3783 942 8938 1245 3261 4219 9000 2955 2808 7656 6549 4737 9603 2066 8714 9271 1624 5142 1226
21 7109 8991 982 2404 4384 7234 8186 6708 2437 7507 6326 8972 3011 8045 570 8315 4771 6918 8363 1001 7001
21 2015 4875 9487 6024 6128 5014 2366 1907 4499 4086 7417 4547 2532 2891 2562 8256 1600 2943 1576 1185 9771
22 6794 1860 7446 3114 3475 9182 3054 7987 7806 2861 6714 1932 4892 1650 7963 6275 6846 195 9793 9339 795 181
22 7711 9996 150 8133 5699 1693 1846 5170 3839 4486 8807 6149 114 3392 2201 6204 8966 2868 7409 7311 2441 6613
21 6031 3915 8554 7246 6476 175 3157 7796 2568 6608 4407 7529 2708 6835 7694 1468 9066 9486 1467 5125 8543
22 8029 3138 199 5285 7759 3717 9570 4834 1771 282 1340 5525 7932 7003 6055 4609 2785 7905 7469 9193 1966 70
22 3655 8848 6003 2916 1723 7041 8018 599 6120 4685 7016 7454 3962 9428 2058 9893 9350 7170 401 5867 8552 3380
20 7913 1904 951 8876 3098 1985 7271 3269 1325 6682 5157 9386 5403 9877 7378 3189 5595 8132 8910 1374
22 2944 3029 8370 448 7840 7595 9812 5709 4775 5529 9091 3379 3412 3397 2545 3240 9223 5127 8636 8106 796 7404
20 1563 4602 7628 6336 8682 4756 9734 3753 3473 4454 6738 3406 4954 8706 6233 3486 9747 6088 6266 4077
20 5649 6984 4615 5701 475 7764 2241 5036 405 2854 7360 2303 2195 1127 1482 8320 9703 914 8887 7049
22 1323 8104 4673 5668 1804 6359 8860 509 6963 2206 6137 2256 1687 2522 5775 3932 5252 602 1148 6330 3185 9387
19 4679 9527 5428 7642 6379 6211 2558 1065 1171 1449 1832 5261 2012 466 5429 9145 1619 9591 2163
22 9402 8323 409 8868 823 9481 6882 1193 865 5880 77 9183 5462 2636 8015 9873 7670 4010 8429 7163 910 8152
21 9090 7319 4720 9064 3493 5678 9823 4111 6908 9480 5367 1154 2757 4738 7332 6227 755 738 8396 8527 9277
22 1512 3384 3188 6021 6601 3513 5503 1302 6641 7547 8748 8750 3763 7470 6646 6666 9404 5871 5051 2301 8541 7527
22 8024 5491 482 5234 2781 4664 7843 9934 4213 3123 5849 974 2419 2029 1039 1820 5752 5659 8861 4695 5150 8054
22 9649 8277 4848 3375 986 6357 4099 1392 670 6821 9407 9425 5233 1405 6040 2555 1549 8602 9499 5057 3812 5586
19 6403 9757 9681 6989 3532 8970 4689 4163 2501 732 7294 2022 3960 420 2450 2349 7032 4424 3969
20 1105 2440 3583 6119 9742 7207 9900 1656 5725 3470 1727 5427 1360 1361 4083 5846 7184 5443 1614 8884
19 9550 895 6272 3194 4907 7654 4582 7770 6940 7619 1782 3678 2494 7158 2161 7489 5423 5894 4047
21 2166 5500 601 4202 5748 1595 6218 7912 4125 7791 50 11 1857 8859 1616 1617 1669 1665 6434 7586 4156
18 719 7209 6615 2377 3657 5583 1603 5981 3808 5986 8905 9006 5521 504 4755 7261 1306 142
20 7198 874 5712 9712 7732 2464 9288 2089 2151 2979 9155 3982 721 3243 7514 5667 4726 1720 3762 224
20 8578 506 3721 3451 5835 2059 2397 4033 278 7260 2222 2932 9125 5096 1611 5392 7973 4641 6453 6111
20 1113 2426 4686 9872 9127 4356 2292 133 6181 8129 8841 4032 8732 4647 4201 3301 1295 3349 6715 4750
21 3257 4112 6265 9524 8155 7315 6367 2104 7624 7570 8283 9941 7500 8408 7908 1375 469 5560 5657 1701 9749
18 1178 1496 907 3818 8485 5188 7167 4429 2389 6758 3164 9855 6428 603 3715 6990 1825 2618
20 3990 5654 5541 6141 66 8631 6808 5619 3907 3007 7072 8668 8465 468 3100 5609 436 3665 1230 1089
18 6252 4786 7847 5899 1476 5172 3075 5360 37 9695 6551 6130 1398 7717 7175 5458 3238 8874
20 3311 3849 6202 9549 8671 7456 6967 9015 9911 3233 5692 2542 7728 3684 5321 7487 9773 307 9531 9916
19 311 5602 2999 2518 4990 1872 6659 5101 9886 4289 5826 6937 9085 4589 9162 783 6534 4145 2873
20 789 1869 1830 8536 7263 969 8523 2842 239 5210 1827 3659 6254 3226 7324 204 5781 2094 9782 8497
18 4829 8973 6886 6865 9800 7462 6442 4359 8992 17 6429 8894 981 2594 7896 9369 3562 5055
21 6150 6951 5955 9657 595 7916 9263 7266 5023 294 5984 8390 1917 9342 4797 4288 2211 6080 1290 1677 7825
18 8184 5012 8768 4371 1790 4734 3282 7998 1277 1717 414 7887 9491 7054 3106 6664 3305 1809
18 3696 6048 4503 1443 2393 724 4821 9442 1941 3909 2239 1382 4283 2219 2358 1488 8337 6022
19 7329 7224 825 8445 9466 6746 2885 8988 1259 1057 1224 3660 3497 5355 4508 1906 2689 6595 4268
20 5858 6756 7226 8421 1762 1620 1859 5123 1130 4988 4369 5220 3467 5789 1329 2905 3488 9614 3787 6479
19 1024 7927 498 5156 5291 3904 3372 7262 9709 8513 4745 1657 5015 8050 7540 8130 9650 1205 5731
19 2123 2026 4656 6903 7808 3901 1412 7440 4236 9957 1996 6637 3937 8052 4791 2226 2152 9775 2880
19 726 4511 640 1913 9761 9962 395 8027 2319 8143 4262 2232 7377 5643 1648 3237 1890 5499 3617
20 7210 3396 7255 6474 5576 6081 1256 7415 7502 4979 8863 8680 7345 3440 4151 1812 859 6461 2848 1191
17 563 7477 5917 7096 3925 6122 9113 6471 6791 8660 3944 8626 5617 630 7079 6433 6260
19 1194 8784 3910 7190 2217 5967 1338 9592 3645 3489 6697 6231 3587 6411 4226 2598 5459 7851 5504
20 8290 8786 9890 4207 8037 7915 9516 1800 9355 8316 3979 7419 7421 9094 9260 7618 8919 2312 3417 5790
19 902 1363 1986 7364 7282 8664 2054 4263 2959 9479 2584 6510 3385 7431 7938 9120 6881 6257 8847
19 9463 9556 9625 1628 7162 1710 4104 3 1050 3351 184 8930 3059 9365 4132 3529 9525 1147 571
16 3578 3215 691 1211 9641 3228 8673 125 7331 5288 4576 9622 7214 8282 2221 4273
19 6884 8224 1221 7665 6832 5907 255 5083 2634 3501 8041 3177 1076 866 1379 8 3892 7641 3618
18 8739 4635 164 330 9620 138 1787 4851 3101 7605 6286 4579 87 9218 8313 1141 7338 3631
18 3758 8207 4028 5686 8595 8952 2663 2504 7021 9233 2971 8689 503 7126 2750 7953 2752 7093
18 7891 3426 7867 645 2797 8288 3970 238 9330 6353 9967 4480 227 9340 6396 7606 2200 2818
16 6039 3364 1745 352 3524 2051 863 6391 2229 9892 9041 6285 885 7029 9034 3350
18 6740 3779 7434 6261 4441 8486 484 9789 877 2417 7240 3505 1793 2469 9169 6973 107 8535
18 4648 4761 4658 5751 5045 5700 9167 6684 2084 8873 2655 8570 7279 4982 2953 1506 410 9488
18 9920 4154 6942 5375 3785 74 9838 4718 7298 7322 8336 5759 2994 5788 3671 9792 7485 5873
18 1689 2915 7430 4403 7135 2291 2034 3847 7587 9351 4708 5297 4448 2575 2985 1301 8778 5435
19 400 8410 511 6023 2207 833 1897 7647 812 286 9470 6798 4402 3978 1739 5839 4057 644 5916
19 8566 428 839 3036 106 2525 1461 283 9651 1163 3955 1730 8537 8754 8369 4392 792 5225 7374
17 3708 127 9458 2126 6605 9785 4690 5906 7695 3183 2489 413 4886 8908 4728 5884 1929
18 864 6669 5107 2323 6094 9070 1448 3550 6803 7646 5645 4234 2372 6343 525 3500 5876 8217
15 8965 9357 5550 8266 365 7944 5655 1317 2290 3711 6049 4308 899 4725 3588
18 6735 2198 4020 7386 3802 342 202 1203 3428 5805 5194 7644 2014 4473 371 321 4091 4891
18 8774 2690 5756 6805 2543 2969 7645 6451 5537 5882 4533 2727 9502 5922 8090 6731 6258 5723
18 9985 1908 3220 8379 6698 2048 2248 3231 5032 5651 2471 9907 8969 4610 2725 5022 2843 1150
19 4644 1240 6922 4957 300 5100 9729 1534 537 5872 7897 2097 5691 4743 5542 5964 4295 9915 1558
17 7585 5829 4409 9037 5792 3466 2264 6726 5002 7179 6604 6957 2282 8454 9095 7565 2457
18 2742 3773 2731 775 7769 7933 6728 1597 5862 4560 5574 7841 9518 6315 6175 1452 5508 7219
18 8447 3050 1627 7253 2320 1169 3425 8760 261 5611 2371 7797 2707 9683 3039 3922 5280 5865
17 3104 284 4029 1453 1297 6346 1198 5527 2279 5706 803 5145 8751 7044 8482 8463 6569
18 6155 2056 3199 7445 1504 7525 4394 543 4076 5796 9315 3996 308 2723 1708 5318 9558 1410
17 5517 6475 2651 6648 147 1639 4828 612 3832 3361 1498 2101 8242 4692 2423 8404 9461
17 6004 1518 6729 1746 949 4221 90 8976 972 4336 9108 9235 6673 3720 7160 5987 7714
17 4184 1995 9314 7686 1309 3782 338 6460 9244 1824 9758 1704 5696 1585 5935 8120 7751
16 2523 5626 2060 5495 1369 3121 126 1519 659 7550 8496 9529 5677 6147 9025 9860
18 1697 4088 2333 5837 3974 4113 8550 5262 3939 1502 5333 2484 7895 9280 5460 8008 9467 5718
17 965 2031 4938 4003 6331 3463 8177 2139 8436 878 3661 6553 9017 9013 443 5857 2055
17 8073 933 3615 3102 3465 4981 7701 1264 1671 5482 6860 7734 8180 4463 160 9396 9227
17 6239 7000 753 5116 8953 4167 2859 3999 8817 2535 7264 344 2925 6107 5436 4354 2145
17 9495 5090 9002 5579 6716 8160 5364 2713 3846 2832 2533 6086 4165 1183 7307 5390 1887
17 6053 5816 5054 120 2220 8257 1967 9043 8197 1753 6174 6852 4199 8724 3214 845 1602
16 8978 4404 6402 4119 425 4453 4845 9079 8889 8039 9098 2168 6388 6847 811 1055
17 7768 8803 1508 6101 847 4426 4921 6235 8438 2633 8846 4621 3971 4267 2864 3084 6185
17 8892 4826 7690 2577 5193 8026 7794 9333 9863 3553 4565 345 4095 1514 625 566 1343
17 9267 9353 9819 7203 4989 3754 1937 8500 2340 2295 5199 2266 747 888 1909 3929 3480
17 4084 2881 9457 2275 8801 2373 575 467 1351 4505 4527 8880 7251 7991 1865 2410 590
16 9503 565 4659 3632 6902 4477 1861 67 7958 5105 8756 2472 5385 6230 2683 9198
16 8792 2382 4914 4724 1436 9298 7132 1741 7046 931 2331 2779 5109 5494 3836 5144
13 8773 1934 4628 6043 5704 3888 4389 8810 5492 5469 7649 1128 3883
16 3430 8440 7710 5409 1480 8366 2648 5694 4620 3981 7798 9898 2027 2610 383 9296
17 5721 8614 161 674 458 2082 2374 5729 2712 2496 3649 9854 333 8625 3934 5631 9317
16 481 4705 2686 6927 3531 5208 6447 6414 7735 1945 3803 2647 4251 5121 2456 4292
17 1142 6420 208 5433 9268 1531 4858 4430 5420 2569 8734 99 7225 3452 4 5439 6870
16 6410 3022 8615 1189 3122 4944 8827 8705 1964 5038 6826 4413 2197 4962 5931 7985
17 7546 5516 9815 8263 3099 8293 9384 9629 3756 2800 999 517 7258 5797 430 7739 4124
15 442 656 1845 4256 8407 1368 1981 5959 5154 9148 7786 6468 8829 4239 4192
16 4624 1313 2982 8300 5933 4651 8918 4997 6588 2611 5943 7244 6760 9940 8001 4592
15 2642 4807 2937 8652 8510 6864 518 5708 9835 416 7584 8765 2679 9669 4817
16 3368 8448 1797 1700 9319 4117 5472 7365 1493 1566 5056 5129 1683 3943 6955 1139
16 3510 267 2653 7729 146 115 4093 2254 5004 1036 2553 7095 7359 2814 6016 5571
16 1524 8588 5724 3675 461 9912 2477 5739 8812 3187 2574 9197 3422 9239 7676 7615
13 3358 6921 7629 2129 6612 6459 7674 2743 4616 6177 4375 6278 8770
16 1564 9464 1281 3949 4884 4856 4985 5133 2102 9662 5467 3745 4324 8452 7181 5454
15 6745 3972 4595 4089 254 5352 8291 4009 3266 2579 8528 1440 3132 7918 2845
11 3647 9671 2947 2978 6337 9174 8651 7484 1726 6931 1249
16 9864 8747 9410 7309 7366 2402 3625 1217 814 7858 5153 8723 2064 9210 3804 5760
16 209 35 6313 8094 2948 6386 1235 5852 4710 7443 5740 347 6153 6993 5410 8501
16 493 4815 7479 1475 3146 8650 4549 5093 4397 1477 426 4928 9692 2794 108 3902
15 8902 7668 2119 9964 4245 2652 3551 7848 6948 8358 555 7544 4149 8265 3021
11 5991 1783 8590 1310 4464 1167 6954 6573 6959 3662 9673
15 457 9586 4344 2675 7941 9139 7286 363 1075 8287 9606 4994 4769 2421 3945
16 7314 6503 5628 4328 8937 3877 9221 4964 3283 9716 5755 2475 341 5455 51 8611
15 7248 9105 9068 7697 9303 5386 6897 1960 3365 1268 4131 7201 7168 5011 3279
15 6765 849 7448 5366 2769 4654 3234 305 8495 1080 9500 111 1052 5446 1095
15 5540 7277 4645 1779 5878 4114 1920 7551 9598 6077 3653 4488 2961 392 5545
15 1421 5282 8353 9151 8014 3449 5104 6478 745 2890 9455 3954 6701 936 8069
15 4255 9512 2551 5400 6751 7879 3016 2721 4822 2242 1572 2685 6964 2347 1093
16 1267 3066 6537 629 1752 1756 3072 7273 1451 337 9161 5206 3942 411 4568 3184
15 9030 4666 6526 9284 843 6866 434 4053 1083 5231 3831 861 3344 3543 2019
15 5954 8653 1239 4605 8864 5143 5767 2093 5963 9572 3096 9399 7959 5855 3255
15 3603 1326 8259 5031 987 5929 1791 1485 4655 8853 5640 2083 5339 8877 7058
14 9869 1755 8190 8687 5099 7866 5092 3186 9093 4632 1149 6621 794 4741
15 2495 7934 8529 8945 5998 3377 6539 2772 2081 6487 5447 1174 9818 5596 5926
15 2147 6473 8806 2270 15 3404 808 5336 4019 988 75 9437 3400 3043 4120
14 2782 3398 5952 6727 2011 887 6176 8540 1661 6472 8507 8114 1327 6221
15 9845 7174 7494 2192 8193 5804 6977 4370 8466 8460 5290 4126 5058 1758 6721
15 6912 1634 5088 8058 4302 4472 3593 9060 8498 8417 7597 8124 7052 3797 7937
15 1177 7337 3482 7466 4937 9624 6683 1388 5772 8600 2692 7826 598 4506 9970
15 9011 2783 7882 3759 2989 9987 9867 7388 8286 785 4368 8221 9711 5988 3914
14 2074 6575 7010 7048 3394 6203 6565 5052 9665 2182 1606 2870 532 1961
14 1970 6220 9394 9273 5670 2156 8646 1618 1237 334 5932 6979 4332 8333
15 3017 2132 4713 1004 163 3750 8314 7333 5114 36 2798 314 1982 2847 4554
15 4349 6634 1365 8214 9157 1466 5992 8844 5217 5965 7664 6941 5930 7590 1212
15 6200 8464 4017 5861 5995 8755 3052 6525 2257 1571 5707 9676 2249 7758 9990
15 3334 2000 6512 4244 9362 9358 8813 1629 5139 2801 5207 4611 7591 5265 5616
15 4080 2216 9576 6393 2467 2332 2348 9879 9423 3171 8579 5239 5264 675 465
11 7716 7106 2756 8852 5078 2262 8927 7951 421 9573 8789
14 6125 7193 2473 7762 3597 9780 634 5625 1742 9356 7317 7183 3644 8053
14 5017 3453 1311 1768 9054 800 8616 1124 6406 6419 4680 4242 5203 2165
15 4507 977 4481 4767 9858 7077 2345 6620 9163 6354 5671 9413 5342 8311 5047
14 1959 9702 444 8051 1424 1396 7661 5005 2350 2728 8409 9439 3535 1003
14 5887 1252 9561 4355 9553 4449 6344 4754 7853 6267 8238 855 3595 2897
10 9121 5313 7807 9593 6180 356 5095 3687 9214 7980
11 7013 9779 5243 8903 8476 3318 9841 2823 5115 4904 4310
14 332 5593 7187 542 3845 402 7626 2903 6109 8771 8867 2583 2888 3656
14 9385 1430 380 990 6201 3447 8842 3342 3881 5331 3899 932 7202 2492
14 435 210 9731 6268 777 9460 3013 1853 8741 5928 6661 9259 5474 4189
14 5295 378 3393 3044 6775 4746 3455 1187 8472 1274 9178 9958 3264 9281
11 3321 4279 293 9039 1155 2918 8685 3268 3250 5432 4243
14 3147 3119 4366 9264 6883 7743 8662 8017 2120 7970 4341 140 7289 2724
14 6536 6523 8761 9896 1166 8492 889 4322 5680 1162 5363 7828 4269 7356
14 47 2167 2209 8694 9441 4209 875 6376 4974 4254 2503 9656 2730 5035
14 212 2338 9159 4623 6064 8987 4963 96 7328 4294 9674 1641 6294 5224
11 3654 2737 6625 2850 1770 7033 574 5745 7625 4079 9885
14 3512 1977 4063 6098 9822 8601 7999 7945 8399 4193 8393 9454 7983 5030
13 8254 6567 9751 7727 9038 4168 3525 346 5577 8456 2976 5978 2287
14 666 9130 607 5674 6722 912 1444 1025 8299 4983 4700 3405 7881 9099
13 7108 354 8110 4326 9433 4770 7461 1649 1243 1933 5044 4490 8453
14 6327 7438 7066 7793 9302 6824 8749 2443 727 287 1044 3838 7863 1472
14 5377 3502 7134 8782 5405 8659 8584 2215 5186 3523 7427 1570 4961 4538
14 533 5347 8785 1930 6161 2116 9946 3376 1520 2435 1957 1380 8517 4158
13 1260 9042 1487 2702 8843 473 3413 1058 2761 201 2827 4606 4649
13 4863 6409 4872 8505 6898 9630 4388 8388 7027 5787 3677 3998 8137
11 6321 7149 65 4443 2552 9367 3567 8205 8658 6151 1137
14 6208 9949 772 1181 1539 6925 9930 929 5546 882 2564 4945 9555 5682
13 5920 4205 7558 4406 9056 1668 2236 4386 8141 9772 6991 4691 8921
13 9636 1777 6078 9031 3811 3271 8753 8944 2826 9067 9434 176 1318
13 7102 6245 6188 8444 6672 5786 5097 1622 1990 6668 5754 8663 1495
9 9459 2186 5483 9688 7675 7358 3641 9206 9700
13 7373 4940 5690 6677 8108 4701 528 3076 8354 3563 1694 6650 9329
10 2176 8264 4232 6318 2306 2716 8172 1760 327 2586
13 9744 5650 6580 8272 6571 9843 116 8954 1877 7833 4540 7310 9131
10 2384 1047 9661 42 6154 9984 2767 7530 8226 8057
13 4733 3051 3117 1979 2234 6038 3142 5314 361 628 8858 7996 976
13 7557 9135 7425 3429 7004 6243 2351 6117 6709 3600 5644 8424 710
14 2649 1 7344 397 6106 970 9335 5357 4306 6577 4766 9494 4911 4683
13 5307 559 6380 7392 8551 1308 4747 185 6653 2946 8405 8777 4996
10 7325 6983 4777 714 3004 8307 8866 3113 6624 8122
13 4482 4024 7682 5279 1921 5582 6696 569 2517 664 7057 778 3586
13 2297 633 9364 9192 2835 1946 2580 9366 3303 4182 2987 9119 3825
10 1135 9337 3356 9828 9904 1975 5493 8716 3012 2691
13 4228 376 9065 7931 918 7651 7871 3935 8514 8451 2886 8195 1948
10 8670 7790 9447 5349 2778 5354 1231 3223 7038 2839
13 3557 9180 2602 1942 1688 8127 1839 8721 3526 7268 7722 3837 3928
10 8967 8693 2025 7875 340 2001 5258 3464 398 2544
13 8711 348 6657 1299 40 2017 5632 3768 1383 2460 9129 1599 5312
13 4107 4704 4141 5941 7288 5733 8258 9762 5019 4183 3730 1195 2271
13 6547 4973 8493 9645 7560 9400 3714 6949 9807 860 2656 5286 3204
13 3833 657 9647 2052 1905 1499 9275 6369 6183 8345 5630 2540 8154
12 318 1949 1098 1415 8475 694 6555 3764 8349 8142 1153 6978
13 5732 8995 4639 6932 5016 3630 8181 7304 2666 9040 1544 6051 8964
12 6550 9341 708 5070 3905 6790 6869 3407 3248 5750 9010 4926
8 8890 5870 9422 3822 7902 5688 7906 3941
12 4830 881 6178 9508 9790 1672 5132 8598 1413 5623 1238 2908
12 935 984 3434 9089 4060 2087 4166 6284 2624 8487 679 4556
8 2418 1836 829 2929 673 1526 6368 5953
12 1186 4657 353 2534 2042 5904 471 205 220 7954 5937 3313
13 1803 2852 6013 2107 4899 7009 4001 2057 6408 3766 1636 3310 5714
13 4352 8665 3345 1364 5117 4280 8135 6557 3485 289 1594 3863 2002
12 3445 6399 369 7503 3686 3359 1262 28 648 5845 4108 3289
8 8227 6464 9728 3506 4272 1287 2098 9891
12 497 4953 7693 1541 6513 2740 7351 6232 5831 3448 7968 2755
12 6430 9199 8610 4675 4906 7100 3813 5247 4671 5257 1115 5896
12 5621 2754 2809 8007 9534 7802 6938 2855 3071 9189 2940 4049
8 3202 6802 9991 3856 2488 1390 5190 3985
12 2896 2470 2368 3609 4539 2739 5530 4461 9660 7719 6065 5230
8 2736 8583 217 8011 6506 3613 1522 9906
12 6645 3468 9156 3469 9299 5559 752 2672 5414 1969 944 6302
8 7227 1457 9050 4975 6028 3558 9176 7173
7 7468 5807 8643 7942 1258 5362 9220
8 7948 6372 8922 8931 2069 8384 3642 8700
12 6563 5241 5622 8072 4825 9395 2148 2154 3158 2258 4116 8532
12 5711 5815 9062 3174 3154 2447 2500 6812 9293 6626 2926 7011
12 854 856 6172 7381 1591 7403 9801 1446 7247 8322 7042 9677
12 7379 9158 1553 4353 1096 5793 2381 8241 5544 4363 5836 998
12 9109 2178 9505 6121 3079 8165 2572 5612 4715 8790 3408 1020
11 3739 5913 1474 7065 1071 9029 654 919 242 5024 4311
11 9804 6247 3685 5379 2311 9431 8032 5925 5918 6314 9123
12 1874 1613 2115 1871 3454 2682 5496 8206 7607 8385 5202 9290
12 3594 5830 3205 196 5167 8161 9435 6766 4516 7992 7459 7460
12 3680 7884 2867 5374 8516 2299 6006 8729 4061 5833 8503 9374
11 1111 1565 1660 6848 2722 510 6037 79 1086 1484 5549
12 9071 8412 252 9143 3592 9194 9583 9535 6449 8380 336 82
11 2112 7152 3829 3547 2037 5993 5945 1112 556 7154 9638
11 4836 1537 8413 7488 8743 6281 959 4757 2830 7669 6093
11 3740 6274 6962 235 8917 3494 9791 5747 6421 3681 8279
12 9613 8298 9082 5603 9205 6131 3820 4298 2392 7297 9736 1300
12 7097 3940 5465 4087 495 134 5633 9777 2820 8580 9834 8260
11 8940 3181 3867 1747 2498 8432 6157 5463 844 3206 6559
11 3566 9497 6248 2246 9444 9448 8875 9373 2703 8839 9172
11 7380 6173 4159 6389 2344 2991 1690 1927 8478 3327 3063
12 8348 6251 6279 1393 3968 2354 7212 3736 9895 5973 7017 8019
11 5158 6133 6056 9324 3487 5590 6554 7139 5893 5889 5063
12 7346 5238 5844 2415 7130 4092 4529 9230 9465 7413 4640 2968
11 507 9392 7274 6378 736 2485 5215 4626 5912 6096 4479
11 6340 1835 1875 2078 6085 787 3953 5687 6895 1987 9304
11 9289 313 883 7164 5396 9961 191 4284 7343 6481 5173
12 4405 6089 2407 9849 8343 3599 5823 1754 3481 5897 7533 869
12 9735 5287 4532 7823 9103 7047 3738 1241 7979 9266 593 5003
12 1685 6062 2121 355 1296 3235 9236 6892 2353 6759 4759 6467
11 1973 2527 6426 2935 6312 450 4030 2050 4998 16 424
11 7662 2984 6681 7754 6859 3018 6224 5618 9501 8879 9097
11 3116 9232 7749 1394 7718 6561 9445 1397 8365 4697 1805
11 7196 7387 8909 2548 1078 1769 6945 1590 2872 8893 226
11 9179 952 5001 6134 8576 9908 1737 6432 2550 418 8275
11 3537 5660 6566 8126 4136 8247 6787 1811 1837 3898 7756
11 2825 2857 8182 5730 4850 1535 3927 1283 6070 1868 8078
11 1102 7994 3790 3476 1307 1702 1786 8608 3419 748 13
11 7579 6066 5481 5201 153 6578 6363 9389 5126 3690 1378
11 6293 9100 1176 2596 1914 7397 564 5236 5084 3591 5599
11 5662 7816 1282 947 9939 7192 7725 1732 7801 1764 5665
11 5332 1864 8339 9379 7265 8294 9607 6891 3042 2529 1573
10 4629 5426 1679 8150 4423 9945 9594 3322 3792 6019
11 6966 8609 6041 9421 515 2088 3019 351 8235 4785 6148
11 1002 1160 2907 7080 8246 1253 9713 9689 7880 7943 8943
11 2717 5087 9652 4768 2567 7923 5648 6535 6118 5773 1359
11 3325 4862 7903 1041 3992 3213 5118 6108 4976 3023 1304
10 8194 1721 7614 7898 1707 1816 9051 5378 5416 2334
11 499 9952 1568 8624 2016 6953 3137 1765 3041 8295 3723
10 211 7513 1944 8933 6679 2995 1775 2865 7476 4040
11 7779 5298 2612 4073 7633 1214 6145 6435 8199 7731 4220
11 4493 6132 8229 2931 3031 3590 4176 1028 3074 5485 3528
11 4467 8585 9639 9225 4852 6142 167 1749 9596 9960 1722
10 3433 5260 2444 6165 4915 1976 7892 7426 5316 8959
10 7663 2406 382 7926 3387 2364 2970 7667 6087 8556
10 1206 4971 6596 3222 2762 9053 2466 9587 1408 805
10 1046 9833 7490 2478 34 973 6531 4898 2329 6242
11 6076 2110 4224 10 456 1049 2763 7885 2131 455 5825
10 8173 578 7334 1715 996 7062 5401 4427 3612 4600
10 873 4965 2557 257 2587 1486 4416 6594 3835 6074
10 3291 8851 8063 916 6264 9699 1556 7241 9668 5753
10 4854 3232 6999 1073 8270 2111 2194 3143 4134 2289
10 8035 553 1199 3293 4335 505 8418 2877 269 9061
10 5562 377 412 6262 9718 4362 4142 1712 4230 4133
11 6825 2173 979 2244 6020 6530 6688 8483 7416 5551 737
10 3608 3735 7143 6830 7872 2676 8757 7290 9721 2326
10 8188 5962 1831 4365 1026 1342 5761 5130 9977 4339
10 1778 5684 7516 8004 4351 5703 5624 4162 207 1569
10 3362 7498 5610 4947 2694 2378 5053 8849 447 764
10 6244 8667 7763 9798 6928 7919 9745 317 4157 6250
10 7347 2184 8820 6059 4835 6617 3034 6788 3965 8147
10 415 9478 5486 7340 7800 45 1954 4668 7978 9024
10 6009 5782 4561 2765 339 5506 3015 1156 3975 7472
10 9138 8038 9741 173 7101 9124 9973 7228 6300 6063
10 141 2790 9321 7352 6054 6572 4577 4956 1377 5108
11 3338 4857 4340 1814 3704 6980 8387 1334 1788 2203 4622
9 3169 2954 9826 4614 3700 7589 8657 6010 7437
10 368 4147 8097 4942 3796 9363 4367 1490 3637 9552
10 8167 6618 7194 9278 1358 3980 5736 5581 3719 3619
10 7019 4123 1819 1891 6324 9170 4542 6976 7742 2627
9 6480 7555 4433 9919 8359 4612 4447 2133 5293
10 6647 2122 5268 9112 3598 4748 7523 7842 5505 6417
10 3778 876 2599 7125 8512 6276 1059 3533 9004 3284
9 2654 2075 3534 5166 2451 2127 5960 9814 8947
10 4717 5221 4314 5520 5827 2911 291 5946 1473 1646
10 5344 9238 3210 7296 6820 312 3273 9154 1085 2225
