38 167 34 99 164 7 299 24 220 193 105 267 57 166 53 230 128 222 64 26 86 253 197 237 118 5 199 31 115 182 280 17 297 229 270 46 178 169 175
30 168 184 103 210 276 225 263 261 200 232 174 239 268 191 109 22 147 93 235 291 20 51 192 66 30 251 69 278 211 151
25 296 88 286 246 203 56 187 38 79 245 28 217 258 163 76 42 248 250 55 176 71 262 84 247 183
25 0 72 294 137 74 44 129 91 29 172 146 236 195 23 90 283 138 78 100 120 231 279 240 274 130
22 108 4 148 136 227 125 113 277 40 122 158 117 160 48 139 255 292 223 186 143 173 132
20 275 116 159 58 218 18 226 39 241 82 50 6 25 35 266 215 228 189 9 208
16 216 8 85 260 285 21 284 282 177 10 124 264 155 154 135 165
17 41 212 133 15 198 224 96 14 3 61 73 131 238 289 141 206 2
16 180 249 162 273 19 188 214 204 209 269 70 45 106 104 47 1
15 87 80 259 156 281 102 202 295 140 101 287 205 126 233 257
13 54 134 13 150 60 213 121 111 119 112 152 97 272
13 110 75 290 63 32 244 271 190 83 16 145 288 94
9 62 144 157 243 89 201 196 256 293
11 161 107 254 207 114 81 219 142 194 153 149
8 127 171 185 27 98 12 37 52
7 92 68 11 181 67 123 77
5 95 170 265 252 49
3 298 242 59
1 43
0
0
0
0
0
0
0
0
0
0
0
0
0
0
0
0
0
0
0
0
0
0
0
0
0
0
0
0
0
0
0
0
0
0
0
0
0
0
0
0
0
0
0
0
0
0
0
0
0
0
0
0
0
0
0
0
0
0
0
0
0
0
0
0
0
0
0
0
0
0
0
0
0
0
0
0
0
0
0
0
0
